---
Frank: 1944-01-29 00:00:00.000000000 Z
Alex: 1997-04-22 00:00:00.000000000 Z
Ely: 1938-09-13 00:00:00.000000000 Z
Jane: 1984-11-21 00:00:00.000000000 Z
Mara: 1938-01-05 00:00:00.000000000 Z
Pete: 1976-12-13 00:00:00.000000000 Z
Sam: 1927-04-19 00:00:00.000000000 Z
Jason: 1986-04-21 00:00:00.000000000 Z
Summer: 1987-04-23 00:00:00.000000000 Z
